5.874918412584694718e-06
1.480218811651375514e-05
3.466708748139121603e-05
6.806466882056120746e-05
1.114862103759243594e-04
1.514912071048726296e-04
1.674658200750656317e-04
2.985453871241134142e-04
1.674658200750551420e-04
1.514912071048583181e-04
1.114862103759132057e-04
6.806466882055096175e-05
3.466708748138347076e-05
1.480218811650476642e-05
5.874918412577922689e-06
6.765964651457456627e-05
1.704722934466996553e-04
3.992502908051148258e-04
7.838800659198714863e-04
1.283952738667210177e-03
1.744678104946214853e-03
1.928652858443238903e-03
3.438256319969470402e-03
1.928652858443118123e-03
1.744678104946050272e-03
1.283952738667081808e-03
7.838800659197533082e-04
3.992502908050255960e-04
1.704722934465961411e-04
6.765964651449657148e-05
4.030651854488729452e-03
1.015545455993293461e-02
2.378432356563013259e-02
4.669766698701387220e-02
7.648822826867844593e-02
1.039347735532809569e-01
1.148946029281233405e-01
2.048254007550467659e-01
1.148946029281161380e-01
1.039347735532711453e-01
7.648822826867079927e-02
4.669766698700683616e-02
2.378432356562481739e-02
1.015545455992676767e-02
4.030651854484082995e-03
6.765964651457325168e-05
1.704722934466963485e-04
3.992502908051070738e-04
7.838800659198561990e-04
1.283952738667185241e-03
1.744678104946181026e-03
1.928652858443201390e-03
3.438256319969403615e-03
1.928652858443080393e-03
1.744678104946016228e-03
1.283952738667056871e-03
7.838800659197380210e-04
3.992502908050178439e-04
1.704722934465928072e-04
6.765964651449525688e-05
5.874918412584663378e-06
1.480218811651367721e-05
3.466708748139103307e-05
6.806466882056085509e-05
1.114862103759237767e-04
1.514912071048718435e-04
1.674658200750647643e-04
2.985453871241118421e-04
1.674658200750542747e-04
1.514912071048575321e-04
1.114862103759126229e-04
6.806466882055059583e-05
3.466708748138328780e-05
1.480218811650468850e-05
5.874918412577891349e-06
