5.368791428892386161e-04
1.170909231017042010e-03
2.239672618464999976e-03
4.041562580488682575e-03
6.826118194707127100e-03
1.065538880326066806e-02
1.501898346639534733e-02
1.854300580191671141e-02
2.289389724273005466e-02
3.226940569871057651e-02
5.037168334362085442e-02
8.507676358393577443e-02
1.535238058165729891e-01
2.936547556903786327e-01
6.404477967229486035e-01
3.939289125075647220e-03
8.591412166569710809e-03
1.643334092318995965e-02
2.965450182317160358e-02
5.008585922369939575e-02
7.818269305499392363e-02
1.102000683439997991e-01
1.360571779872160048e-01
1.679813448396367537e-01
2.367730626626521340e-01
3.695964483541442913e-01
6.242409935674699817e-01
1.126463314329608778e+00
2.154658084485332914e+00
4.699212242129997996e+00
1.582629431659277747e-02
3.451643512982235928e-02
6.602178255964349929e-02
1.191384685825613993e-01
2.012224855819582381e-01
3.141029438219787306e-01
4.427343766719045726e-01
5.466166291283273138e-01
6.748735923459545649e-01
9.512478157764662212e-01
1.484872519964561377e+00
2.507919925398052641e+00
4.525623629893527067e+00
8.656448388016217521e+00
1.887932407059788531e+01
6.358294195798766535e-02
1.386715328019140769e-01
2.652458676982601959e-01
4.786448540203433466e-01
8.084215651155749471e-01
1.261924544454294805e+00
1.778707865000454413e+00
2.196060095173294702e+00
2.711338964935261053e+00
3.821686457250147662e+00
5.965550833522194729e+00
1.007569579220331946e+01
1.818192299643568077e+01
3.477772145564689765e+01
7.584864419767079369e+01
4.665325429620768016e-01
1.017486464801723001e+00
1.946211127651450434e+00
3.512001710606126981e+00
5.931700499293597773e+00
9.259226588469660513e+00
1.305106492231224458e+01
1.611333903636759146e+01
1.989413863515802205e+01
2.804118599109046173e+01
4.377154492743650849e+01
7.392926208345082273e+01
1.334077743221220373e+02
2.551775417980866223e+02
5.565307261363630005e+02
