-6.925729965478094385e+00
-6.145967128343247765e+00
-5.497417993163836059e+00
-4.907116301335824105e+00
-4.382991530175127437e+00
-3.937681940776798228e+00
-3.594432730501556872e+00
-3.383655023643430404e+00
-3.172877316785303936e+00
-2.829628106510062580e+00
-2.384318517111734703e+00
-1.860193745951035593e+00
-1.269892054123026082e+00
-6.213429189436077138e-01
1.584199181912371301e-01
-4.932747413954918336e+00
-4.152984576820071716e+00
-3.504435441640660009e+00
-2.914133749812648499e+00
-2.390008978651951388e+00
-1.944699389253622179e+00
-1.601450178978381045e+00
-1.390672472120254577e+00
-1.179894765262128331e+00
-8.366455549868868635e-01
-3.913359655885587651e-01
1.327888055721402338e-01
7.230904974001497454e-01
1.371639632579568113e+00
2.151402469714413179e+00
-3.542074941834663093e+00
-2.762312104699816473e+00
-2.113762969520405210e+00
-1.523461277692393478e+00
-9.993365065316967000e-01
-5.540269171333672693e-01
-2.107777068581261903e-01
3.733658816097565081e-16
2.107777068581267177e-01
5.540269171333680465e-01
9.993365065316961449e-01
1.523461277692395255e+00
2.113762969520404766e+00
2.762312104699823134e+00
3.542074941834667978e+00
-2.151402469714407850e+00
-1.371639632579561008e+00
-7.230904974001497454e-01
-1.327888055721380134e-01
3.913359655885588761e-01
8.366455549868883068e-01
1.179894765262129441e+00
1.390672472120255909e+00
1.601450178978382155e+00
1.944699389253623512e+00
2.390008978651951832e+00
2.914133749812650720e+00
3.504435441640660009e+00
4.152984576820078821e+00
4.932747413954923665e+00
-1.584199181912326893e-01
6.213429189436139310e-01
1.269892054123025193e+00
1.860193745951036925e+00
2.384318517111733815e+00
2.829628106510063468e+00
3.172877316785304380e+00
3.383655023643430848e+00
3.594432730501557316e+00
3.937681940776798672e+00
4.382991530175126549e+00
4.907116301335825881e+00
5.497417993163835170e+00
6.145967128343253094e+00
6.925729965478097938e+00
