1.670689343875487326e-04
4.233792027674066925e-04
9.175054737835258581e-04
1.854905786924541597e-03
3.465472649481628024e-03
5.893662382611984663e-03
8.874658749186676784e-03
1.141069216615495964e-02
1.467142561652668570e-02
2.209218771928461028e-02
3.757175683675535727e-02
7.019434443979497007e-02
1.419107563182448739e-01
3.075349352534959002e-01
7.793423486422539348e-01
1.262786991569051810e-03
3.200102710389959772e-03
6.934945633277379839e-03
1.402026598721776811e-02
2.619370140502840644e-02
4.454712192153029160e-02
6.707891963380252509e-02
8.624747434369973986e-02
1.108936588614742313e-01
1.669833315779699068e-01
2.839853259241605921e-01
5.305624613291162195e-01
1.072629437060447222e+00
2.324496275233848053e+00
5.890642586858188423e+00
5.179502738521403644e-03
1.312568221139156360e-02
2.844467842864462775e-02
5.750614043415419596e-02
1.074372392692943823e-01
1.827164371555028144e-01
2.751338509661382381e-01
3.537564391589791413e-01
4.548463150099344987e-01
6.849061868469756842e-01
1.164806719695806958e+00
2.176178357678739239e+00
4.399544138295365947e+00
9.534256294719018143e+00
2.416131906171477794e+01
2.124447654074823957e-02
5.383687622121565569e-02
1.166699457637463688e-01
2.358697182098832279e-01
4.406693121878434982e-01
7.494377855792568877e-01
1.128501120183680095e+00
1.450982990501705538e+00
1.865617677351171233e+00
2.809241379653682813e+00
4.777622540295759279e+00
8.925908992064320202e+00
1.804536399621328613e+01
3.910612551282508775e+01
9.910113034261343046e+01
1.605759246426972930e-01
4.069248852761647162e-01
8.818473066678389483e-01
1.782816254574116854e+00
3.330789635155313011e+00
5.664609582200899496e+00
8.529751744470697616e+00
1.096722411087618276e+01
1.410123158345772154e+01
2.123359129217354280e+01
3.611155848110928446e+01
6.746629350589843455e+01
1.363955004326942912e+02
2.955828189680639753e+02
7.490537885166995693e+02
