3.871535435855939513e-06
1.182199777239338288e-05
3.270582019854885545e-05
7.408088579352783748e-05
1.383059744197029373e-04
2.155515412170593925e-04
2.836314390576065241e-04
8.252885098119695263e-04
2.836314390575506877e-04
2.155515412170266496e-04
1.383059744196771604e-04
7.408088579352470684e-05
3.270582019854832012e-05
1.182199777239703190e-05
3.871535435856587494e-06
4.278279561135533288e-05
1.306401872833133518e-04
3.614189884192289663e-04
8.186383537290167853e-04
1.528364219690863095e-03
2.381974202326591922e-03
3.134298029090206578e-03
9.119934511946264574e-03
3.134298029089589450e-03
2.381974202326230233e-03
1.528364219690578167e-03
8.186383537289823077e-04
3.614189884192230574e-04
1.306401872833536841e-04
4.278279561136248861e-05
1.557506207808289408e-03
4.755951540225965973e-03
1.315744588540479140e-02
2.980250120785666104e-02
5.564004703163391574e-02
8.671568919115187069e-02
1.141040123178297949e-01
3.320109033125286380e-01
1.141040123178073268e-01
8.671568919113870066e-02
5.564004703162354210e-02
2.980250120785540510e-02
1.315744588540457630e-02
4.755951540227434417e-03
1.557506207808550050e-03
4.278279561135501439e-05
1.306401872833123760e-04
3.614189884192263100e-04
8.186383537290107138e-04
1.528364219690851820e-03
2.381974202326574575e-03
3.134298029090183593e-03
9.119934511946196920e-03
3.134298029089566465e-03
2.381974202326212452e-03
1.528364219690567108e-03
8.186383537289762362e-04
3.614189884192204011e-04
1.306401872833527083e-04
4.278279561136217690e-05
3.871535435855903091e-06
1.182199777239327107e-05
3.270582019854854374e-05
7.408088579352713275e-05
1.383059744197016362e-04
2.155515412170573596e-04
2.836314390576038678e-04
8.252885098119617201e-04
2.836314390575480314e-04
2.155515412170246167e-04
1.383059744196758593e-04
7.408088579352400211e-05
3.270582019854800841e-05
1.182199777239692178e-05
3.871535435856551071e-06
