-7.657957422333494080e+00
-6.728095692434831854e+00
-5.954705384455947659e+00
-5.250774745311650449e+00
-4.625759621245221886e+00
-4.094731050224997837e+00
-3.685408767534973151e+00
-3.434057826211160069e+00
-3.182706884887347432e+00
-2.773384602197322302e+00
-2.242356031177099140e+00
-1.617340907110669246e+00
-9.134102679663755886e-01
-1.400199599874807355e-01
7.898417699111792700e-01
-5.635287474972551003e+00
-4.705425745073888777e+00
-3.932035437095004582e+00
-3.228104797950707372e+00
-2.603089673884279254e+00
-2.072061102864054760e+00
-1.662738820174030074e+00
-1.411387878850217215e+00
-1.160036937526404577e+00
-7.507146548363795580e-01
-2.196860838161565077e-01
4.053290402502736089e-01
1.109259679394567266e+00
1.882649987373462119e+00
2.812511717272122347e+00
-4.223899596122334010e+00
-3.294037866223671340e+00
-2.520647558244787145e+00
-1.816716919100489491e+00
-1.191701795034061595e+00
-6.606732240138373236e-01
-2.513509413238125267e-01
3.789275262469334294e-16
2.513509413238130263e-01
6.606732240138379897e-01
1.191701795034061151e+00
1.816716919100491268e+00
2.520647558244784925e+00
3.294037866223679778e+00
4.223899596122339339e+00
-2.812511717272115241e+00
-1.882649987373453238e+00
-1.109259679394569043e+00
-4.053290402502713885e-01
2.196860838161565077e-01
7.507146548363808902e-01
1.160036937526405687e+00
1.411387878850218547e+00
1.662738820174031185e+00
2.072061102864056092e+00
2.603089673884279254e+00
3.228104797950709148e+00
3.932035437095002806e+00
4.705425745073897659e+00
5.635287474972558108e+00
-7.898417699111721646e-01
1.400199599874900613e-01
9.134102679663742563e-01
1.617340907110671910e+00
2.242356031177100029e+00
2.773384602197324078e+00
3.182706884887348764e+00
3.434057826211161846e+00
3.685408767534974483e+00
4.094731050224999613e+00
4.625759621245222775e+00
5.250774745311652225e+00
5.954705384455946771e+00
6.728095692434841624e+00
7.657957422333501185e+00
