8.373561294789920190e-04
1.782916221301740446e-03
3.342879326934226208e-03
5.923695523160812069e-03
9.844854806395565011e-03
1.515830767077494187e-02
2.114133840683305246e-02
2.593306390427941796e-02
3.181084331189149711e-02
4.436668116718982952e-02
6.831221147380907299e-02
1.135311227314043242e-01
2.011809992795089153e-01
3.772043775407583621e-01
8.031514666070347364e-01
5.100167387047436704e-03
1.085938329654170462e-02
2.036080410932580506e-02
3.608003530925565222e-02
5.996302606041355870e-02
9.232619635019570503e-02
1.287676304801784188e-01
1.579530645498680441e-01
1.937534340552711787e-01
2.702285113757086910e-01
4.160759094372276090e-01
6.914951824976338646e-01
1.225352911738262884e+00
2.297475825228515678e+00
4.891833680607554413e+00
1.799359731650225502e-02
3.831234453986065436e-02
7.183374238144103752e-02
1.272918273562323732e-01
2.115519870093190979e-01
3.257305638847830531e-01
4.542974209326558488e-01
5.572648155893512589e-01
6.835699706511609852e-01
9.533771439504179490e-01
1.467932677371418304e+00
2.439623038993393944e+00
4.323094751834418936e+00
8.105587857478713687e+00
1.725858755375331910e+01
6.348214084319933614e-02
1.351675048258440259e-01
2.534323554618248542e-01
4.490907276782029056e-01
7.463639870759796180e-01
1.149190635410313410e+00
1.602779719533880654e+00
1.966052862467828843e+00
2.411662570288863883e+00
3.363553216423340597e+00
5.178925999847907136e+00
8.607088990685385355e+00
1.525205355478057534e+01
2.859684258430511861e+01
6.088899660087700028e+01
3.866569228912056233e-01
8.232780242861309494e-01
1.543605389206671452e+00
2.735321092776731078e+00
4.545952590231923551e+00
6.999488501823930342e+00
9.762208176912633206e+00
1.197483166046524872e+01
1.468895056300992508e+01
2.048672460267839313e+01
3.154379427638618338e+01
5.242404399072346166e+01
9.289718363200242379e+01
1.741776035147078403e+02
3.708626040476436287e+02
