4.752710214108575470e-06
1.142029035210431751e-05
2.564675836675047859e-05
4.851089479160550347e-05
7.676164945545522762e-05
1.007098590307765803e-04
1.067907466403362809e-04
1.711923153149961423e-04
1.067907466403432198e-04
1.007098590307839664e-04
7.676164945546120428e-05
4.851089479160797003e-05
2.564675836675081401e-05
1.142029035210340271e-05
4.752710214107669992e-06
5.599264009912392152e-05
1.345447499859426306e-04
3.021496464639804205e-04
5.715166611441080966e-04
9.043445145499094760e-04
1.186483214230943427e-03
1.258123380802546711e-03
2.016851284286893999e-03
1.258123380802628460e-03
1.186483214231030380e-03
9.043445145499799491e-04
5.715166611441371532e-04
3.021496464639843779e-04
1.345447499859318699e-04
5.599264009911325568e-05
5.042376240157628482e-03
1.211632902763733893e-02
2.720986536096268657e-02
5.146751480025959363e-02
8.144008364332684657e-02
1.068478778316718503e-01
1.132993806206471221e-01
1.816260668869363049e-01
1.132993806206544912e-01
1.068478778316796773e-01
8.144008364333318872e-02
5.146751480026220960e-02
2.720986536096304392e-02
1.211632902763637096e-02
5.042376240156668313e-03
5.599264009912278310e-05
1.345447499859398930e-04
3.021496464639742406e-04
5.715166611440964956e-04
9.043445145498911529e-04
1.186483214230919358e-03
1.258123380802521124e-03
2.016851284286852800e-03
1.258123380802602873e-03
1.186483214231006311e-03
9.043445145499615177e-04
5.715166611441255522e-04
3.021496464639782521e-04
1.345447499859291594e-04
5.599264009911211727e-05
4.752710214108559377e-06
1.142029035210427854e-05
2.564675836675039388e-05
4.851089479160534084e-05
7.676164945545497012e-05
1.007098590307762415e-04
1.067907466403359286e-04
1.711923153149955731e-04
1.067907466403428675e-04
1.007098590307836276e-04
7.676164945546094678e-05
4.851089479160780740e-05
2.564675836675073270e-05
1.142029035210336544e-05
4.752710214107654746e-06
