-6.500546374619617040e+00
-5.744790208598079317e+00
-5.116208049334424857e+00
-4.544080060969143631e+00
-4.036091594854512188e+00
-3.604491816115498182e+00
-3.271810268863617921e+00
-3.067521805715993644e+00
-2.863233342568369366e+00
-2.530551795316489549e+00
-2.098952016577475987e+00
-1.590963550462842990e+00
-1.018835562097562875e+00
-3.902534028339021965e-01
3.655027631876333061e-01
-4.693767198701745968e+00
-3.938011032680209134e+00
-3.309428873416554673e+00
-2.737300885051272559e+00
-2.229312418936642004e+00
-1.797712640197627554e+00
-1.465031092945747515e+00
-1.260742629798123238e+00
-1.056454166650498960e+00
-7.237726193986190326e-01
-2.921728406596055816e-01
2.158156254550274156e-01
7.879436138203075313e-01
1.416525773083968209e+00
2.172281939105503490e+00
-3.433024568903622509e+00
-2.677268402882085674e+00
-2.048686243618431213e+00
-1.476558255253149099e+00
-9.685697891385185443e-01
-5.369700103995039830e-01
-2.042884631476239443e-01
3.384824916681568001e-16
2.042884631476246104e-01
5.369700103995045382e-01
9.685697891385179892e-01
1.476558255253151097e+00
2.048686243618431213e+00
2.677268402882091891e+00
3.433024568903627394e+00
-2.172281939105498605e+00
-1.416525773083961770e+00
-7.879436138203073092e-01
-2.158156254550251951e-01
2.921728406596054706e-01
7.237726193986200318e-01
1.056454166650500071e+00
1.260742629798124348e+00
1.465031092945748625e+00
1.797712640197628442e+00
2.229312418936642004e+00
2.737300885051275223e+00
3.309428873416555117e+00
3.938011032680215795e+00
4.693767198701751298e+00
-3.655027631876284211e-01
3.902534028339084138e-01
1.018835562097562875e+00
1.590963550462844989e+00
2.098952016577475543e+00
2.530551795316489994e+00
2.863233342568370254e+00
3.067521805715994532e+00
3.271810268863618809e+00
3.604491816115498626e+00
4.036091594854512188e+00
4.544080060969145407e+00
5.116208049334424857e+00
5.744790208598086423e+00
6.500546374619621481e+00
