6.208229440078116314e-03
1.414423514174414573e-02
2.669713531205601328e-02
4.394003194074697083e-02
6.149783756234798726e-02
7.246437425783613939e-02
8.538650698499876401e-02
1.195057287090919573e-01
1.966909735895309985e-01
3.712527035896153738e-01
8.458265898938233107e-01
4.388986964364037513e-02
9.999447387890619821e-02
1.887388022646958041e-01
3.106396586387298875e-01
4.347668042924749399e-01
5.122961338143421361e-01
6.036507988419688164e-01
8.448609873935810644e-01
1.390531918036940873e+00
2.624618326798220380e+00
5.979678929375660701e+00
3.102850298830944764e-01
7.069236834736528641e-01
1.334313028867387674e+00
2.196106676693194260e+00
3.073639360458097158e+00
3.621742841348580821e+00
4.267586294478191711e+00
5.972852479375343471e+00
9.830542702557501400e+00
1.855507392878088879e+01
4.227410266554494456e+01
