5.046573667831789900e-02 4.085171997170498155e-04 3.206599275707799988e-05 9.484583122879146694e-06 2.609203300080110733e-06 5.657843192371266866e-07 1.172955771699844245e-06 8.357665619920801838e-07 2.479605139781047971e-07 3.131966985136443774e-08 1.910012969302687881e-09 9.292384434002827209e-01 7.522131088406550786e-03 5.904392793392802255e-04 1.746420410660807381e-04 4.804392391091392799e-05 1.041793055473376040e-05 2.159793291871293038e-05 1.538918224976980160e-05 4.565760002721677090e-06 5.766970458789846150e-07 3.516955453920345936e-08 1.134999666276493083e-02 9.187756205811394667e-05 7.211802199599054908e-06 2.133130196406023351e-06 5.868228762250101864e-07 1.272477240572040329e-07 2.638036214397304570e-07 1.879680811939117642e-07 5.576756015845745662e-08 7.043950444195406461e-09 4.295714727322558658e-10
1.118749015003917587e-04 5.039184722359092705e-02 3.529437703586520169e-04 3.305710589388258962e-05 1.192509353944775510e-05 2.975549012700444210e-06 6.984146216791484222e-06 6.383021597699371401e-06 2.718132160792133408e-06 5.200959270740146394e-07 4.031426635271813625e-08 2.059981012234955028e-03 9.278778980795665543e-01 6.498843400750538464e-03 6.086888975772629731e-04 2.195797800126070959e-04 5.478954068277697940e-05 1.286008604281334007e-04 1.175321999447774898e-04 5.004965872490494647e-05 9.576658570818534941e-06 7.423168386744107664e-07 2.516122506584056283e-05 1.133337855472243104e-02 7.937881975743498624e-05 7.434708502678696874e-06 2.682013199146329630e-06 6.692158598480051491e-07 1.570769426356224059e-06 1.435573492051500925e-06 6.113215219782866408e-07 1.169721760773166645e-07 9.066880197981068106e-09
4.756769666358992175e-05 8.072781264551220405e-05 5.043424467256496513e-02 2.747099058076635106e-04 2.487991448603213711e-05 6.814568881722899453e-06 1.767222263787805619e-05 1.976735116608516909e-05 1.135323738712258111e-05 3.162781884643116072e-06 3.691899395018584215e-07 8.758760956084875315e-04 1.486461744133323005e-03 9.286585730896214086e-01 5.058303357117666273e-03 4.581201926428165325e-04 1.254783898323003858e-04 3.254031296545100978e-04 3.639812640565619184e-04 2.090500472510951121e-04 5.823710716905247306e-05 6.797988244747969152e-06 1.069821296434417948e-05 1.815608895119008939e-05 1.134291395311426247e-02 6.178363221010996155e-05 5.595617243960025686e-06 1.532630635291356048e-06 3.974571286695034844e-06 4.445776174771721588e-06 2.553399889449793873e-06 7.113254694878113888e-07 8.303266447852731811e-08
1.942114532953326470e-05 5.116969421115807258e-05 7.204508164501430907e-05 5.046877952908259551e-02 1.971440979985186238e-04 1.005236342366211006e-05 2.773101141900843151e-05 3.648547256007659412e-05 2.665691126605996961e-05 1.008160359941841330e-05 1.702443529670843563e-06 3.576064879445190500e-04 9.422005924759219728e-04 1.326584410115676021e-03 9.292944721852405277e-01 3.630064412165881840e-03 1.850967241366160857e-04 5.106181655322221619e-04 6.718162848698827757e-04 4.908404862615525993e-04 1.856351309288865143e-04 3.134752566027433157e-05 4.367912750037805639e-06 1.150832023385226212e-05 1.620329930883305603e-05 1.135068101512551678e-02 4.433869396636281712e-05 2.260826826698928948e-06 6.236843208435115086e-06 8.205765318277599842e-06 5.995272710234539519e-06 2.267403088517282458e-06 3.828880672738032268e-07
9.432915542640792051e-06 3.294297104282290959e-05 5.743911106378028032e-05 5.667370501325024433e-05 5.049717711924810171e-02 1.217304268592694769e-04 3.272388564175327837e-05 4.811852816187475225e-05 4.145246157459270422e-05 1.933311884719304209e-05 4.245111069439065080e-06 1.736906727715686514e-04 6.065873035390652052e-04 1.057640959358768741e-03 1.043547343099932717e-03 9.298173642347496992e-01 2.241453307026804176e-03 6.025532283335577116e-04 8.860186960683745158e-04 7.632747167492347088e-04 3.559856339391722214e-04 7.816630969585501706e-05 2.121509899113693792e-06 7.409039003650278893e-06 1.291834345036297173e-05 1.274619980021571404e-05 1.135706777522898191e-02 2.737778202697409093e-05 7.359765600849261464e-06 1.082209772415914384e-05 9.322865997855492616e-06 4.348115153756491207e-06 9.547467181213421306e-07
6.401586641850612478e-06 2.555929673279932278e-05 4.943189552609737091e-05 5.291337182696288912e-05 3.406762626558577456e-05 5.058452180007812216e-02 3.406762626558574745e-05 5.291337182696292300e-05 4.943189552609737091e-05 2.555929673279928212e-05 6.401586641850610784e-06 1.178740428240109965e-04 4.706298307262522969e-04 9.102020633482839048e-04 9.743073718504223013e-04 6.272958661668879329e-04 9.314256640555003131e-01 6.272958661668874992e-04 9.743073718504228434e-04 9.102020633482840132e-04 4.706298307262515922e-04 1.178740428240109694e-04 1.439748863363403250e-06 5.748413710257569021e-06 1.111748061524682323e-05 1.190048205339477648e-05 7.661979589982865739e-06 1.137671203093955016e-02 7.661979589982858963e-06 1.190048205339478325e-05 1.111748061524682323e-05 5.748413710257560550e-06 1.439748863363403038e-06
4.245111069439069316e-06 1.933311884719306919e-05 4.145246157459270422e-05 4.811852816187471159e-05 3.272388564175329870e-05 1.217304268592694769e-04 5.049717711924810171e-02 5.667370501325022400e-05 5.743911106378029387e-05 3.294297104282292992e-05 9.432915542640773416e-06 7.816630969585508482e-05 3.559856339391727093e-04 7.632747167492347088e-04 8.860186960683737569e-04 6.025532283335580368e-04 2.241453307026804176e-03 9.298173642347496992e-01 1.043547343099932283e-03 1.057640959358768958e-03 6.065873035390654221e-04 1.736906727715682990e-04 9.547467181213429776e-07 4.348115153756496290e-06 9.322865997855492616e-06 1.082209772415913537e-05 7.359765600849265699e-06 2.737778202697409093e-05 1.135706777522898191e-02 1.274619980021570896e-05 1.291834345036297343e-05 7.409039003650282281e-06 2.121509899113689557e-06
1.702443529670867703e-06 1.008160359941838959e-05 2.665691126605993234e-05 3.648547256007664833e-05 2.773101141900843151e-05 1.005236342366211515e-05 1.971440979985187322e-04 5.046877952908259551e-02 7.204508164501430907e-05 5.116969421115805902e-05 1.942114532953320032e-05 3.134752566027477881e-05 1.856351309288861078e-04 4.908404862615519488e-04 6.718162848698836431e-04 5.106181655322221619e-04 1.850967241366161941e-04 3.630064412165884009e-03 9.292944721852405277e-01 1.326584410115676021e-03 9.422005924759217560e-04 3.576064879445179116e-04 3.828880672738086796e-07 2.267403088517276952e-06 5.995272710234530202e-06 8.205765318277611701e-06 6.236843208435115086e-06 2.260826826698930219e-06 4.433869396636285100e-05 1.135068101512551678e-02 1.620329930883305603e-05 1.150832023385225874e-05 4.367912750037791240e-06
3.691899395018403691e-07 3.162781884643152495e-06 1.135323738712254723e-05 1.976735116608517926e-05 1.767222263787805619e-05 6.814568881722881665e-06 2.487991448603213033e-05 2.747099058076634022e-04 5.043424467256496513e-02 8.072781264551223115e-05 4.756769666358988109e-05 6.797988244747637115e-06 5.823710716905315069e-05 2.090500472510945157e-04 3.639812640565620811e-04 3.254031296545100978e-04 1.254783898323000334e-04 4.581201926428164241e-04 5.058303357117663671e-03 9.286585730896214086e-01 1.486461744133323222e-03 8.758760956084867726e-04 8.303266447852325500e-08 7.113254694878196474e-07 2.553399889449786250e-06 4.445776174771724129e-06 3.974571286695034844e-06 1.532630635291352024e-06 5.595617243960024839e-06 6.178363221010993445e-05 1.134291395311426247e-02 1.815608895119009617e-05 1.069821296434417101e-05
4.031426635270384919e-08 5.200959270740284037e-07 2.718132160792102492e-06 6.383021597699349379e-06 6.984146216791424929e-06 2.975549012700461574e-06 1.192509353944768056e-05 3.305710589388248120e-05 3.529437703586510411e-04 5.039184722359092705e-02 1.118749015003919756e-04 7.423168386741475509e-07 9.576658570818787357e-06 5.004965872490438404e-05 1.175321999447770832e-04 1.286008604281323165e-04 5.478954068277729788e-05 2.195797800126057136e-04 6.086888975772611300e-04 6.498843400750520249e-03 9.278778980795665543e-01 2.059981012234958931e-03 9.066880197977852028e-09 1.169721760773197482e-07 6.113215219782797587e-07 1.435573492051496054e-06 1.570769426356210718e-06 6.692158598480090666e-07 2.682013199146312689e-06 7.434708502678673158e-06 7.937881975743476940e-05 1.133337855472243104e-02 2.516122506584061365e-05
1.910012969287948349e-09 3.131966985138566651e-08 2.479605139781121028e-07 8.357665619920895012e-07 1.172955771699841492e-06 5.657843192371450037e-07 2.609203300080134026e-06 9.484583122879261890e-06 3.206599275707828448e-05 4.085171997170527970e-04 5.046573667831789900e-02 3.516955453893205810e-08 5.766970458793756266e-07 4.565760002721811769e-06 1.538918224976997101e-05 2.159793291871287956e-05 1.041793055473409752e-05 4.804392391091435489e-05 1.746420410660828523e-04 5.904392793392854296e-04 7.522131088406606297e-03 9.292384434002827209e-01 4.295714727289409395e-10 7.043950444200180947e-09 5.576756015845909775e-08 1.879680811939138553e-07 2.638036214397298217e-07 1.272477240572081358e-07 5.868228762250153745e-07 2.133130196406048762e-06 7.211802199599118435e-06 9.187756205811462430e-05 1.134999666276493083e-02
1.267689572993396276e-02 1.026187327395666125e-04 8.054915541001960138e-06 2.382508989357292000e-06 6.554268371064162970e-07 1.421239298718544436e-07 2.946442277944920535e-07 2.099429485885419565e-07 6.228720291705926406e-08 7.867440666377627787e-09 4.797915744104181678e-10 9.657003852814968203e-01 7.817288384702573978e-03 6.136072432139528382e-04 1.814947364066511607e-04 4.992909641300616877e-05 1.082671473828437345e-05 2.244540385626350081e-05 1.599303099577869508e-05 4.744913671024116111e-06 5.993257848417887148e-07 3.654955583241753286e-08 1.267689572993411541e-02 1.026187327395678458e-04 8.054915541002056700e-06 2.382508989357320799e-06 6.554268371064241321e-07 1.421239298718561641e-07 2.946442277944956004e-07 2.099429485885444711e-07 6.228720291706001845e-08 7.867440666377723740e-09 4.797915744104239580e-10
2.810275950507279280e-05 1.265833484140307420e-02 8.865879445863112827e-05 8.303881249596037052e-06 2.995560499451469965e-06 7.474521736154068982e-07 1.754404060664739596e-06 1.603402715623421516e-06 6.827895568469186695e-07 1.306470938709852507e-07 1.012686596135164910e-08 2.140811619791039948e-03 9.642864541750728602e-01 6.753848401949356407e-03 6.325729494746315951e-04 2.281957657522980167e-04 5.693940120809456361e-05 1.336469679499515154e-04 1.221439896032814134e-04 5.201353329398148302e-05 9.952432486227886691e-06 7.714442533024059562e-07 2.810275950507313162e-05 1.265833484140322686e-02 8.865879445863219892e-05 8.303881249596137002e-06 2.995560499451505964e-06 7.474521736154158979e-07 1.754404060664760771e-06 1.603402715623440786e-06 6.827895568469269281e-07 1.306470938709868389e-07 1.012686596135177152e-08
1.194891366713239102e-05 2.027867085218805154e-05 1.266898499882146249e-02 6.900659855818451276e-05 6.249786537736432937e-06 1.711806561127035718e-06 4.439228245583313964e-06 4.965520491393384168e-06 2.851911336817486533e-06 7.944847099670082688e-07 9.273980081651082742e-08 9.102441779021560545e-04 1.544788304025647603e-03 9.650977617176569323e-01 5.256783698019065407e-03 4.760961512973354084e-04 1.304019762270604396e-04 3.381714670879162627e-04 3.782633504146316579e-04 2.172528618540323141e-04 6.052224510324932956e-05 7.064731247095326619e-06 1.194891366713253502e-05 2.027867085218829549e-05 1.266898499882161515e-02 6.900659855818533947e-05 6.249786537736508323e-06 1.711806561127056470e-06 4.439228245583367327e-06 4.965520491393444307e-06 2.851911336817520838e-06 7.944847099670177980e-07 9.273980081651195239e-08
4.878554252912837916e-06 1.285372850459452853e-05 1.809758556959338704e-05 1.267766008817788718e-02 4.952221722293511925e-05 2.525134305944190597e-06 6.965976588932168310e-06 9.165080344505819687e-06 6.696164701924010568e-06 2.532479381704213406e-06 4.276505314745634585e-07 3.716384375182641125e-04 9.791711499117423424e-04 1.378637619930335413e-03 9.657586125530920329e-01 3.772502769684889668e-03 1.923596457750885609e-04 5.306540669818008349e-04 6.981773620592246357e-04 5.101003408339985961e-04 1.929191788534136067e-04 3.257755619426982291e-05 4.878554252912896362e-06 1.285372850459468438e-05 1.809758556959360388e-05 1.267766008817803984e-02 4.952221722293571556e-05 2.525134305944221090e-06 6.965976588932253014e-06 9.165080344505929802e-06 6.696164701924091036e-06 2.532479381704243899e-06 4.276505314745686466e-07
2.369530192842843706e-06 8.275210795120006220e-06 1.442859392734241297e-05 1.423632540354221152e-05 1.268479350806243564e-02 3.057844846874725015e-05 8.220176964879622074e-06 1.208728147721768654e-05 1.041277840606608666e-05 4.856442170308893513e-06 1.066363713905488011e-06 1.805060378276372994e-04 6.303888919952977841e-04 1.099141226018226147e-03 1.084494597106313261e-03 9.663020221131010112e-01 2.329404618975551133e-03 6.261965256464004093e-04 9.207847589999721511e-04 7.932244875095500157e-04 3.699539835995036170e-04 8.123344005560436884e-05 2.369530192842872081e-06 8.275210795120106170e-06 1.442859392734258577e-05 1.423632540354238431e-05 1.268479350806258829e-02 3.057844846874761607e-05 8.220176964879722024e-06 1.208728147721783223e-05 1.041277840606621371e-05 4.856442170308951958e-06 1.066363713905500928e-06
1.608066218911346430e-06 6.420446047929140334e-06 1.241719682626878941e-05 1.329173695898561237e-05 8.557722018169603383e-06 1.270673432344187823e-02 8.557722018169596607e-06 1.329173695898562084e-05 1.241719682626879110e-05 6.420446047929130170e-06 1.608066218911346218e-06 1.224992458914022178e-04 4.890966490734504311e-04 9.459170458370896612e-04 1.012537751812807741e-03 6.519100279861167989e-04 9.679734292396333650e-01 6.519100279861162568e-04 1.012537751812808392e-03 9.459170458370897696e-04 4.890966490734497806e-04 1.224992458914021907e-04 1.608066218911365912e-06 6.420446047929217414e-06 1.241719682626894018e-05 1.329173695898577331e-05 8.557722018169706721e-06 1.270673432344203262e-02 8.557722018169699945e-06 1.329173695898578178e-05 1.241719682626894187e-05 6.420446047929208097e-06 1.608066218911365700e-06
1.066363713905489070e-06 4.856442170308899442e-06 1.041277840606608666e-05 1.208728147721767637e-05 8.220176964879627156e-06 3.057844846874725015e-05 1.268479350806243564e-02 1.423632540354220644e-05 1.442859392734241466e-05 8.275210795120011302e-06 2.369530192842838623e-06 8.123344005560445016e-05 3.699539835995041049e-04 7.932244875095500157e-04 9.207847589999713922e-04 6.261965256464007345e-04 2.329404618975551133e-03 9.663020221131010112e-01 1.084494597106312828e-03 1.099141226018226364e-03 6.303888919952981094e-04 1.805060378276369200e-04 1.066363713905501987e-06 4.856442170308957887e-06 1.041277840606621371e-05 1.208728147721782206e-05 8.220176964879725412e-06 3.057844846874761607e-05 1.268479350806258829e-02 1.423632540354237754e-05 1.442859392734258915e-05 8.275210795120111252e-06 2.369530192842867423e-06
4.276505314745695466e-07 2.532479381704207477e-06 6.696164701924000404e-06 9.165080344505831546e-06 6.965976588932168310e-06 2.525134305944191867e-06 4.952221722293515313e-05 1.267766008817788718e-02 1.809758556959338704e-05 1.285372850459452514e-05 4.878554252912821823e-06 3.257755619427028370e-05 1.929191788534131730e-04 5.101003408339979455e-04 6.981773620592256115e-04 5.306540669818008349e-04 1.923596457750886694e-04 3.772502769684891837e-03 9.657586125530920329e-01 1.378637619930335413e-03 9.791711499117421256e-04 3.716384375182629199e-04 4.276505314745746817e-07 2.532479381704237970e-06 6.696164701924081719e-06 9.165080344505943354e-06 6.965976588932253014e-06 2.525134305944222361e-06 4.952221722293574945e-05 1.267766008817803984e-02 1.809758556959360388e-05 1.285372850459468100e-05 4.878554252912880268e-06
9.273980081650630109e-08 7.944847099670174803e-07 2.851911336817478486e-06 4.965520491393386709e-06 4.439228245583313964e-06 1.711806561127031271e-06 6.249786537736431243e-06 6.900659855818447211e-05 1.266898499882146249e-02 2.027867085218805832e-05 1.194891366713237916e-05 7.064731247094981030e-06 6.052224510325003430e-05 2.172528618540316907e-04 3.782633504146318748e-04 3.381714670879162627e-04 1.304019762270600873e-04 4.760961512973353000e-04 5.256783698019063672e-03 9.650977617176569323e-01 1.544788304025648037e-03 9.102441779021551872e-04 9.273980081650742605e-08 7.944847099670270095e-07 2.851911336817512791e-06 4.965520491393446848e-06 4.439228245583367327e-06 1.711806561127052023e-06 6.249786537736506629e-06 6.900659855818531236e-05 1.266898499882161515e-02 2.027867085218830226e-05 1.194891366713252316e-05
1.012686596134805913e-08 1.306470938709886918e-07 6.827895568469109403e-07 1.603402715623415799e-06 1.754404060664724773e-06 7.474521736154112392e-07 2.995560499451451330e-06 8.303881249596009947e-06 8.865879445863088433e-05 1.265833484140307420e-02 2.810275950507284701e-05 7.714442533021323646e-07 9.952432486228149271e-06 5.201353329398089348e-05 1.221439896032809798e-04 1.336469679499503770e-04 5.693940120809489564e-05 2.281957657522966072e-04 6.325729494746296436e-04 6.753848401949338193e-03 9.642864541750728602e-01 2.140811619791043851e-03 1.012686596134818156e-08 1.306470938709902799e-07 6.827895568469191989e-07 1.603402715623435281e-06 1.754404060664745948e-06 7.474521736154202389e-07 2.995560499451487329e-06 8.303881249596111591e-06 8.865879445863195497e-05 1.265833484140322686e-02 2.810275950507318583e-05
4.797915744067157073e-10 7.867440666382961448e-09 6.228720291706110371e-08 2.099429485885442858e-07 2.946442277944913653e-07 1.421239298718590229e-07 6.554268371064220145e-07 2.382508989357320799e-06 8.054915541002031289e-06 1.026187327395673715e-04 1.267689572993396276e-02 3.654955583213548412e-08 5.993257848421949730e-07 4.744913671024255872e-06 1.599303099577887126e-05 2.244540385626344998e-05 1.082671473828472242e-05 4.992909641300660923e-05 1.814947364066533562e-04 6.136072432139582592e-04 7.817288384702631224e-03 9.657003852814968203e-01 4.797915744067214976e-10 7.867440666383057401e-09 6.228720291706184486e-08 2.099429485885468269e-07 2.946442277944949122e-07 1.421239298718607434e-07 6.554268371064299554e-07 2.382508989357349598e-06 8.054915541002127851e-06 1.026187327395686048e-04 1.267689572993411541e-02
1.134999666276474174e-02 9.187756205811241524e-05 7.211802199598935476e-06 2.133130196405987775e-06 5.868228762250004455e-07 1.272477240572019154e-07 2.638036214397260630e-07 1.879680811939086408e-07 5.576756015845653018e-08 7.043950444195289001e-09 4.295714727322487313e-10 9.292384434002810556e-01 7.522131088406537776e-03 5.904392793392792497e-04 1.746420410660804400e-04 4.804392391091383990e-05 1.041793055473374177e-05 2.159793291871289311e-05 1.538918224976977450e-05 4.565760002721668620e-06 5.766970458789836621e-07 3.516955453920339981e-08 5.046573667831778798e-02 4.085171997170488939e-04 3.206599275707793211e-05 9.484583122879126365e-06 2.609203300080105227e-06 5.657843192371254161e-07 1.172955771699841704e-06 8.357665619920783839e-07 2.479605139781042677e-07 3.131966985136436495e-08 1.910012969302683745e-09
2.516122506584014270e-05 1.133337855472224195e-02 7.937881975743365810e-05 7.434708502678573208e-06 2.682013199146285161e-06 6.692158598479940318e-07 1.570769426356198012e-06 1.435573492051476996e-06 6.113215219782764764e-07 1.169721760773147190e-07 9.066880197980915905e-09 2.059981012234951125e-03 9.278778980795648890e-01 6.498843400750526321e-03 6.086888975772618889e-04 2.195797800126066894e-04 5.478954068277688453e-05 1.286008604281331839e-04 1.175321999447772730e-04 5.004965872490485838e-05 9.576658570818518001e-06 7.423168386744093899e-07 1.118749015003915148e-04 5.039184722359082297e-02 3.529437703586512580e-04 3.305710589388251508e-05 1.192509353944772969e-05 2.975549012700437857e-06 6.984146216791468975e-06 6.383021597699357849e-06 2.718132160792127479e-06 5.200959270740135806e-07 4.031426635271805022e-08
1.069821296434400161e-05 1.815608895118978785e-05 1.134291395311407338e-02 6.178363221010893156e-05 5.595617243959932512e-06 1.532630635291330637e-06 3.974571286694968776e-06 4.445776174771647896e-06 2.553399889449751521e-06 7.113254694877995304e-07 8.303266447852592844e-08 8.758760956084860137e-04 1.486461744133320186e-03 9.286585730896198543e-01 5.058303357117656732e-03 4.581201926428157194e-04 1.254783898323001419e-04 3.254031296545095014e-04 3.639812640565612679e-04 2.090500472510947597e-04 5.823710716905237142e-05 6.797988244747956446e-06 4.756769666358982011e-05 8.072781264551202787e-05 5.043424467256485411e-02 2.747099058076629143e-04 2.487991448603207951e-05 6.814568881722884206e-06 1.767222263787801892e-05 1.976735116608512504e-05 1.135323738712255570e-05 3.162781884643108873e-06 3.691899395018575744e-07
4.367912750037732794e-06 1.150832023385207069e-05 1.620329930883278498e-05 1.135068101512532769e-02 4.433869396636207851e-05 2.260826826698891255e-06 6.236843208435011748e-06 8.205765318277462623e-06 5.995272710234439569e-06 2.267403088517244341e-06 3.828880672737968741e-07 3.576064879445183995e-04 9.422005924759202381e-04 1.326584410115673636e-03 9.292944721852388623e-01 3.630064412165875335e-03 1.850967241366157604e-04 5.106181655322211861e-04 6.718162848698815831e-04 4.908404862615517320e-04 1.856351309288861891e-04 3.134752566027427736e-05 1.942114532953322065e-05 5.116969421115796416e-05 7.204508164501416000e-05 5.046877952908248449e-02 1.971440979985181901e-04 1.005236342366208804e-05 2.773101141900837053e-05 3.648547256007651958e-05 2.665691126605991202e-05 1.008160359941839128e-05 1.702443529670839963e-06
2.121509899113658217e-06 7.409039003650155226e-06 1.291834345036275659e-05 1.274619980021550059e-05 1.135706777522879282e-02 2.737778202697363692e-05 7.359765600849138644e-06 1.082209772415896258e-05 9.322865997855336761e-06 4.348115153756418363e-06 9.547467181213260370e-07 1.736906727715683532e-04 6.065873035390641210e-04 1.057640959358767006e-03 1.043547343099930766e-03 9.298173642347480339e-01 2.241453307026800273e-03 6.025532283335566274e-04 8.860186960683728895e-04 7.632747167492334077e-04 3.559856339391715709e-04 7.816630969585488154e-05 9.432915542640771722e-06 3.294297104282284183e-05 5.743911106378015834e-05 5.667370501325012236e-05 5.049717711924799068e-02 1.217304268592692059e-04 3.272388564175321061e-05 4.811852816187464383e-05 4.145246157459261613e-05 1.933311884719300143e-05 4.245111069439055763e-06
1.439748863363379321e-06 5.748413710257473306e-06 1.111748061524663689e-05 1.190048205339457827e-05 7.661979589982738684e-06 1.137671203093936108e-02 7.661979589982731908e-06 1.190048205339458505e-05 1.111748061524663858e-05 5.748413710257464836e-06 1.439748863363378898e-06 1.178740428240107932e-04 4.706298307262514837e-04 9.102020633482822785e-04 9.743073718504205666e-04 6.272958661668868487e-04 9.314256640554986477e-01 6.272958661668863066e-04 9.743073718504211087e-04 9.102020633482823869e-04 4.706298307262507790e-04 1.178740428240107661e-04 6.401586641850598078e-06 2.555929673279926518e-05 4.943189552609726249e-05 5.291337182696277393e-05 3.406762626558570002e-05 5.058452180007801113e-02 3.406762626558567292e-05 5.291337182696280781e-05 4.943189552609726249e-05 2.555929673279922791e-05 6.401586641850596384e-06
9.547467181213270957e-07 4.348115153756424292e-06 9.322865997855336761e-06 1.082209772415895411e-05 7.359765600849142879e-06 2.737778202697363692e-05 1.135706777522879282e-02 1.274619980021549551e-05 1.291834345036275828e-05 7.409039003650159461e-06 2.121509899113653981e-06 7.816630969585494930e-05 3.559856339391720588e-04 7.632747167492334077e-04 8.860186960683721306e-04 6.025532283335569526e-04 2.241453307026800273e-03 9.298173642347480339e-01 1.043547343099930332e-03 1.057640959358767223e-03 6.065873035390643379e-04 1.736906727715680008e-04 4.245111069439059998e-06 1.933311884719302514e-05 4.145246157459261613e-05 4.811852816187460995e-05 3.272388564175322416e-05 1.217304268592692059e-04 5.049717711924799068e-02 5.667370501325010203e-05 5.743911106378016512e-05 3.294297104282285538e-05 9.432915542640753087e-06
3.828880672738023268e-07 2.267403088517239259e-06 5.995272710234430252e-06 8.205765318277474481e-06 6.236843208435011748e-06 2.260826826698892526e-06 4.433869396636211239e-05 1.135068101512532769e-02 1.620329930883278498e-05 1.150832023385206731e-05 4.367912750037718395e-06 3.134752566027471782e-05 1.856351309288857554e-04 4.908404862615510815e-04 6.718162848698824505e-04 5.106181655322211861e-04 1.850967241366158417e-04 3.630064412165877937e-03 9.292944721852388623e-01 1.326584410115673636e-03 9.422005924759200212e-04 3.576064879445172611e-04 1.702443529670864103e-06 1.008160359941836756e-05 2.665691126605987475e-05 3.648547256007656701e-05 2.773101141900837053e-05 1.005236342366209312e-05 1.971440979985183257e-04 5.046877952908248449e-02 7.204508164501416000e-05 5.116969421115795060e-05 1.942114532953315967e-05
8.303266447852187857e-08 7.113254694878077889e-07 2.553399889449743898e-06 4.445776174771650437e-06 3.974571286694968776e-06 1.532630635291326613e-06 5.595617243959931665e-06 6.178363221010890445e-05 1.134291395311407338e-02 1.815608895118979462e-05 1.069821296434399144e-05 6.797988244747624409e-06 5.823710716905304905e-05 2.090500472510941363e-04 3.639812640565614306e-04 3.254031296545095014e-04 1.254783898322998166e-04 4.581201926428156109e-04 5.058303357117654997e-03 9.286585730896198543e-01 1.486461744133320620e-03 8.758760956084852547e-04 3.691899395018395750e-07 3.162781884643145718e-06 1.135323738712252351e-05 1.976735116608513860e-05 1.767222263787801892e-05 6.814568881722866419e-06 2.487991448603207612e-05 2.747099058076628059e-04 5.043424467256485411e-02 8.072781264551205497e-05 4.756769666358977267e-05
9.066880197977701481e-09 1.169721760773178027e-07 6.113215219782695943e-07 1.435573492051472125e-06 1.570769426356184672e-06 6.692158598479979493e-07 2.682013199146268220e-06 7.434708502678549491e-06 7.937881975743344126e-05 1.133337855472224195e-02 2.516122506584019352e-05 7.423168386741461745e-07 9.576658570818770416e-06 5.004965872490429595e-05 1.175321999447768664e-04 1.286008604281320996e-04 5.478954068277720301e-05 2.195797800126053341e-04 6.086888975772600458e-04 6.498843400750508974e-03 9.278778980795648890e-01 2.059981012234955462e-03 4.031426635270375654e-08 5.200959270740272390e-07 2.718132160792096562e-06 6.383021597699335826e-06 6.984146216791409683e-06 2.975549012700454798e-06 1.192509353944765515e-05 3.305710589388240666e-05 3.529437703586502822e-04 5.039184722359082297e-02 1.118749015003917316e-04
4.295714727289337533e-10 7.043950444200063488e-09 5.576756015845816469e-08 1.879680811939107319e-07 2.638036214397254277e-07 1.272477240572060182e-07 5.868228762250056336e-07 2.133130196406013186e-06 7.211802199598998156e-06 9.187756205811309286e-05 1.134999666276474174e-02 3.516955453893199854e-08 5.766970458793745678e-07 4.565760002721803298e-06 1.538918224976994391e-05 2.159793291871284229e-05 1.041793055473407889e-05 4.804392391091426680e-05 1.746420410660825542e-04 5.904392793392844539e-04 7.522131088406592420e-03 9.292384434002810556e-01 1.910012969287944213e-09 3.131966985138560033e-08 2.479605139781115734e-07 8.357665619920877013e-07 1.172955771699838951e-06 5.657843192371437331e-07 2.609203300080128520e-06 9.484583122879241561e-06 3.206599275707820994e-05 4.085171997170519297e-04 5.046573667831778798e-02
