5.502274766148017998e-04
1.043255202074491132e-03
1.544735295490701340e-03
1.669061324432857861e-03
1.279076052328155131e-03
1.107195908495473783e-03
1.279076052328293259e-03
1.669061324432741418e-03
1.544735295490440048e-03
1.043255202074385313e-03
5.502274766147942104e-04
4.033262833252521107e-02
7.647241569999052579e-02
1.132317762981812082e-01
1.223450898466669073e-01
9.375849302360568516e-02
8.115938037733252952e-02
9.375849302361580206e-02
1.223450898466583725e-01
1.132317762981620429e-01
7.647241569998276811e-02
4.033262833252466290e-02
5.502274766148071124e-04
1.043255202074501106e-03
1.544735295490716302e-03
1.669061324432874124e-03
1.279076052328167491e-03
1.107195908495484408e-03
1.279076052328305619e-03
1.669061324432757681e-03
1.544735295490455010e-03
1.043255202074395288e-03
5.502274766147995230e-04
