-4.413027103221295988e+00
-3.589595713597120152e+00
-2.954346576227980581e+00
-2.456077050321206379e+00
-2.119900831588273249e+00
-1.955807792652592303e+00
-1.791714753716911357e+00
-1.455538534983978671e+00
-9.572690090772041360e-01
-3.220198717080613449e-01
5.014115179161053870e-01
-2.457219310568703907e+00
-1.633787920944528294e+00
-9.985387835753885000e-01
-5.002692576686141868e-01
-1.640930389356811958e-01
-3.122552646244794645e-16
1.640930389356806962e-01
5.002692576686131876e-01
9.985387835753878338e-01
1.633787920944530736e+00
2.457219310568697246e+00
-5.014115179161116043e-01
3.220198717080637874e-01
9.572690090772036919e-01
1.455538534983978005e+00
1.791714753716910913e+00
1.955807792652591859e+00
2.119900831588272805e+00
2.456077050321205490e+00
2.954346576227980137e+00
3.589595713597122817e+00
4.413027103221289771e+00
