4.430986356873843016e-04
1.237459283687395838e-03
2.497254014531979319e-03
3.551480330699492618e-03
3.659834653188552122e-03
6.666214333995166760e-03
3.659834653188670083e-03
3.551480330699392438e-03
2.497254014531874369e-03
1.237459283687275275e-03
4.430986356873311757e-04
1.416242351319404319e-02
3.955196663769282306e-02
7.981782412613480648e-02
1.135132552690382851e-01
1.169765017811713742e-01
2.130671210063766474e-01
1.169765017811751351e-01
1.135132552690350655e-01
7.981782412613146194e-02
3.955196663768897197e-02
1.416242351319234490e-02
4.430986356873864158e-04
1.237459283687401693e-03
2.497254014531991029e-03
3.551480330699509531e-03
3.659834653188569469e-03
6.666214333995197985e-03
3.659834653188686997e-03
3.551480330699408917e-03
2.497254014531886078e-03
1.237459283687281130e-03
4.430986356873332899e-04
