1.744392789661443430e-03
5.749211676597951008e-03
1.442778996688964636e-02
2.969114033694821714e-02
4.831613657448757815e-02
6.127902371763607053e-02
7.771976432754401642e-02
1.264727021317420264e-01
2.602698511971847650e-01
6.531536772374820776e-01
2.152679585722992339e+00
1.159777114914938533e-02
3.822421286557915049e-02
9.592461469440929922e-02
1.974045368830240343e-01
3.212347001908379962e-01
4.074197609234414541e-01
5.167276807029345109e-01
8.408664978620795649e-01
1.730430318846916116e+00
4.342558005697729762e+00
1.431230703350160738e+01
7.710894955840054410e-02
2.541375290007926169e-01
6.377644618744441329e-01
1.312463945128708787e+00
2.135761257475748298e+00
2.708771313912792245e+00
3.435516027549325724e+00
5.590585599177944509e+00
1.150494025570422529e+01
2.887193426301861265e+01
9.515681478087779510e+01
