2.108783188850138213e-01 5.788554583974446499e-03 2.637116148717136808e-04 6.413137190743391257e-05 1.773093938208259658e-05 3.898868075874969341e-06 7.983313076744430017e-06 5.779750467597432788e-06 1.781160802087521049e-06 2.444230321222832892e-07 1.755992237822801880e-08 7.449128250185438338e-01 2.044766181142427044e-02 9.315427259803080347e-04 2.265395592703410782e-04 6.263329589867255669e-05 1.377247717134107999e-05 2.820049177387384169e-05 2.041656188974019630e-05 6.291825218972765086e-06 8.634071644752073039e-07 6.202919036453756301e-08 1.585437720719928834e-02 4.351984990397956827e-04 1.982652099183126315e-05 4.821562341788460836e-06 1.333057863358659509e-06 2.931269818673706704e-07 6.002061167363930192e-07 4.345365828088845563e-07 1.339122740179432842e-07 1.837635547306831057e-08 1.320200362870740658e-09
7.135717185038305179e-04 2.108540031823254446e-01 5.005309634887245528e-03 2.510873778233562500e-04 7.869219612231296798e-05 1.983775585905241112e-05 4.581798366512748635e-05 4.197831007656836820e-05 1.803370759082301663e-05 3.527762935532288459e-06 2.928407370193698374e-07 2.520641891942739399e-03 7.448269315095398246e-01 1.768090413433850636e-02 8.869484967910882265e-04 2.779746463758026053e-04 7.007547687750968518e-05 1.618488037513898521e-04 1.482854269418361673e-04 6.370280329464913605e-05 1.246157437235630191e-05 1.034439300573889007e-06 5.364816662692552642e-05 1.585254908980667302e-02 3.763121188082025454e-04 1.887739821251465527e-05 5.916282751032104463e-06 1.491453772946858800e-06 3.444714467286326667e-06 3.156037880013594583e-06 1.355820760052349737e-06 2.652263379812076780e-07 2.201652370375227647e-08
3.039328437039378532e-04 5.193622182463676932e-04 2.117289598189550093e-01 3.912140021490885175e-03 1.822863770972115393e-04 4.509553849436668621e-05 1.149209804762499581e-04 1.284234562386790386e-04 7.385928594246965212e-05 2.069782269221223851e-05 2.474107188912063883e-06 1.073621387046771233e-03 1.834610495983487544e-03 7.479176542704503161e-01 1.381935938547536151e-02 6.439138022525710964e-04 1.592968170136452560e-04 4.059502782130150998e-04 4.536468238707975793e-04 2.609027311871624428e-04 7.311360245524242088e-05 8.739609577863279515e-06 2.285045696123204727e-05 3.904699429880953833e-05 1.591833059181414767e-02 2.941248010513470993e-04 1.370476110352920129e-05 3.390399171577777514e-06 8.640056422704787503e-06 9.655207459096274995e-06 5.552932068966350758e-06 1.556115821034184895e-06 1.860097748856006702e-07
1.244184808710258332e-04 3.288889436291138660e-04 4.650035121067867924e-04 2.125022469971381833e-01 2.870503918930655037e-03 7.626995351483980992e-05 1.799436325865058097e-04 2.362322774069994008e-04 1.723489427897514437e-04 6.519739183820243459e-05 1.109841971424469559e-05 4.394995301564779506e-04 1.161777054234371673e-03 1.642592190977615893e-03 7.506492368224012557e-01 1.013985313797658924e-02 2.694182447829154012e-04 6.356382220933890371e-04 8.344738997078462745e-04 6.088105147143075191e-04 2.303051996754499871e-04 3.920438680605889593e-05 9.354103056708949648e-06 2.472672107376058014e-05 3.496016623517088286e-05 1.597646832108489193e-02 2.158119058711094860e-04 5.734172289466970792e-06 1.352862751440913133e-05 1.776055335763810204e-05 1.295763910058804690e-05 4.901708476214030668e-06 8.344078873722324701e-07
6.060843289884595416e-05 2.118494276227138610e-04 3.705739237673020365e-04 3.668558542470981045e-04 2.132089848943753974e-01 1.870070281056371037e-03 2.123200769131002377e-04 3.113778899104764695e-04 2.675533035779870941e-04 1.245450310138994778e-04 2.741335514312558407e-05 2.140950250805259832e-04 7.483431983116597920e-04 1.309026313806244688e-03 1.295892494812644728e-03 7.531457387215162447e-01 6.605891698162245917e-03 7.500057338171986152e-04 1.099920488971660578e-03 9.451132210514129892e-04 4.399465596326845732e-04 9.683574836366691096e-05 4.556698679106448224e-06 1.592738767275169720e-05 2.786070565064735835e-05 2.758117157162216665e-05 1.602960270336119958e-02 1.405967185085896687e-04 1.596277230319421606e-05 2.341019478306025385e-05 2.011534908086353620e-05 9.363617423626099446e-06 2.061006912668992470e-06
4.121715265972195600e-05 1.644754670788253239e-04 3.189466233850016784e-04 3.424319535618181314e-04 2.210891755472513200e-04 2.148558317260610973e-01 2.210891755472511573e-04 3.424319535618184024e-04 3.189466233850018410e-04 1.644754670788251070e-04 4.121715265972196956e-05 1.455966919184123291e-04 5.809980157075276142e-04 1.126656507468636959e-03 1.209616783996850459e-03 7.809819577883009636e-04 7.589631092897668463e-01 7.809819577883004215e-04 1.209616783996851543e-03 1.126656507468637393e-03 5.809980157075268553e-04 1.455966919184123562e-04 3.098812097559777422e-06 1.236569084098146963e-05 2.397923173347008181e-05 2.574491957386820998e-05 1.662205580966401005e-05 1.615341690583624312e-02 1.662205580966399988e-05 2.574491957386823031e-05 2.397923173347009198e-05 1.236569084098145438e-05 3.098812097559778269e-06
2.741335514312560778e-05 1.245450310138995049e-04 2.675533035779872025e-04 3.113778899104764153e-04 2.123200769130998854e-04 1.870070281056371688e-03 2.132089848943753974e-01 3.668558542470982671e-04 3.705739237673020365e-04 2.118494276227141321e-04 6.060843289884585252e-05 9.683574836366699227e-05 4.399465596326846816e-04 9.451132210514134229e-04 1.099920488971660362e-03 7.500057338171974225e-04 6.605891698162248520e-03 7.531457387215162447e-01 1.295892494812645162e-03 1.309026313806244688e-03 7.483431983116606593e-04 2.140950250805256309e-04 2.061006912668994164e-06 9.363617423626101140e-06 2.011534908086354636e-05 2.341019478306025046e-05 1.596277230319418896e-05 1.405967185085897229e-04 1.602960270336119958e-02 2.758117157162217681e-05 2.786070565064735835e-05 1.592738767275171414e-05 4.556698679106440601e-06
1.109841971424484467e-05 6.519739183820227196e-05 1.723489427897518774e-04 2.362322774069991569e-04 1.799436325865056471e-04 7.626995351484006742e-05 2.870503918930656772e-03 2.125022469971381833e-01 4.650035121067867924e-04 3.288889436291138118e-04 1.244184808710255079e-04 3.920438680605942448e-05 2.303051996754494179e-04 6.088105147143090369e-04 8.344738997078454072e-04 6.356382220933884950e-04 2.694182447829162686e-04 1.013985313797659618e-02 7.506492368224012557e-01 1.642592190977615893e-03 1.161777054234371456e-03 4.394995301564767580e-04 8.344078873722437992e-07 4.901708476214018810e-06 1.295763910058807739e-05 1.776055335763808510e-05 1.352862751440911947e-05 5.734172289466990274e-06 2.158119058711096216e-04 1.597646832108489193e-02 3.496016623517088286e-05 2.472672107376057676e-05 9.354103056708925931e-06
2.474107188912187549e-06 2.069782269221200134e-05 7.385928594246982831e-05 1.284234562386789573e-04 1.149209804762499581e-04 4.509553849436680141e-05 1.822863770972112953e-04 3.912140021490883440e-03 2.117289598189550093e-01 5.193622182463678016e-04 3.039328437039376363e-04 8.739609577863716584e-06 7.311360245524158063e-05 2.609027311871630933e-04 4.536468238707971998e-04 4.059502782130150998e-04 1.592968170136456626e-04 6.439138022525703374e-04 1.381935938547535631e-02 7.479176542704503161e-01 1.834610495983487978e-03 1.073621387046770582e-03 1.860097748856099611e-07 1.556115821034167107e-06 5.552932068966363463e-06 9.655207459096268218e-06 8.640056422704787503e-06 3.390399171577786408e-06 1.370476110352918435e-05 2.941248010513469908e-04 1.591833059181414767e-02 3.904699429880954510e-05 2.285045696123203372e-05
2.928407370192803166e-07 3.527762935532367657e-06 1.803370759082279979e-05 4.197831007656821912e-05 4.581798366512704589e-05 1.983775585905250599e-05 7.869219612231253430e-05 2.510873778233552200e-04 5.005309634887231650e-03 2.108540031823254446e-01 7.135717185038323611e-04 1.034439300573572852e-06 1.246157437235658143e-05 6.370280329464837710e-05 1.482854269418356523e-04 1.618488037513882800e-04 7.007547687751002400e-05 2.779746463758010874e-04 8.869484967910847570e-04 1.768090413433845431e-02 7.448269315095398246e-01 2.520641891942745471e-03 2.201652370374554322e-08 2.652263379812136602e-07 1.355820760052333644e-06 3.156037880013583148e-06 3.444714467286293633e-06 1.491453772946865788e-06 5.916282751032072276e-06 1.887739821251458073e-05 3.763121188082014612e-04 1.585254908980667302e-02 5.364816662692566194e-05
1.755992237813380624e-08 2.444230321224183909e-07 1.781160802087565519e-06 5.779750467597498010e-06 7.983313076744418159e-06 3.898868075875085385e-06 1.773093938208274566e-05 6.413137190743463086e-05 2.637116148717157408e-04 5.788554583974495939e-03 2.108783188850137935e-01 6.202919036420477171e-08 8.634071644756845011e-07 6.291825218972922634e-06 2.041656188974042669e-05 2.820049177387379426e-05 1.377247717134149165e-05 6.263329589867309879e-05 2.265395592703436261e-04 9.315427259803154073e-04 2.044766181142444392e-02 7.449128250185437228e-01 1.320200362863657717e-09 1.837635547307846504e-08 1.339122740179466459e-07 4.345365828088894268e-07 6.002061167363920663e-07 2.931269818673794054e-07 1.333057863358670732e-06 4.821562341788515046e-06 1.982652099183141901e-05 4.351984990397994232e-04 1.585437720719928487e-02
2.330602923745721949e-02 6.397443942555669201e-04 2.914510433767494361e-05 7.087725455208545054e-06 1.959603025248536526e-06 4.308984150185584868e-07 8.823065783250733964e-07 6.387713734406365441e-07 1.968518430417674140e-07 2.701335235916804713e-08 1.940702422697211558e-09 9.250334626358425183e-01 2.539192610592737667e-02 1.156790653168502997e-03 2.813170426091463582e-04 7.777808709361674205e-05 1.710267539904630134e-05 3.501939781070451455e-05 2.535330619326524066e-05 7.813194608994695280e-06 1.072179847352222912e-06 7.702790826024190349e-08 2.330602923745733052e-02 6.397443942555699559e-04 2.914510433767508252e-05 7.087725455208578935e-06 1.959603025248545843e-06 4.308984150185604985e-07 8.823065783250776315e-07 6.387713734406396146e-07 1.968518430417683404e-07 2.701335235916817617e-08 1.940702422697221070e-09
7.886312553326563365e-05 2.330334189396557343e-02 5.531810634208281880e-04 2.774988818029444301e-05 8.696970998646736710e-06 2.192445958888332603e-06 5.063750851897960195e-06 4.639394543528268406e-06 1.993064619415191100e-06 3.898843017767261743e-07 3.236442141125667395e-08 3.130135526006964149e-03 9.249267999937407225e-01 2.195616376119229746e-02 1.101413496466370273e-03 3.451891832518542069e-04 8.701979459173229752e-05 2.009840001800077274e-04 1.841409858113615878e-04 7.910620240669411852e-05 1.547479504231634570e-05 1.284567718474497853e-06 7.886312553326601312e-05 2.330334189396568792e-02 5.531810634208308985e-04 2.774988818029457515e-05 8.696970998646779062e-06 2.192445958888343191e-06 5.063750851897984759e-06 4.639394543528290429e-06 1.993064619415200841e-06 3.898843017767280272e-07 3.236442141125682615e-08
3.359030828318539238e-05 5.739931495698526696e-05 2.340004109501485352e-02 4.323652151817897974e-04 2.014608071934737092e-05 4.983907042628066217e-06 1.270093457278158554e-05 1.419321266263500905e-05 8.162843324692496065e-06 2.287499555985339335e-06 2.734354806424123466e-07 1.333224071145570379e-03 2.278221078614694160e-03 9.287648624911897244e-01 1.716089377765401408e-02 7.996127790146171374e-04 1.978149405943335814e-04 5.041094459664066879e-04 5.633390622433029002e-04 3.239892625492134400e-04 9.079254185651817197e-05 1.085285558037611916e-05 3.359030828318555501e-05 5.739931495698554479e-05 2.340004109501496454e-02 4.323652151817918574e-04 2.014608071934746917e-05 4.983907042628089934e-06 1.270093457278164483e-05 1.419321266263507681e-05 8.162843324692535028e-06 2.287499555985350347e-06 2.734354806424136700e-07
1.375058739178050339e-05 3.634842774081537448e-05 5.139165328129533482e-05 2.348550390446334582e-02 3.172447912832240032e-04 8.429267531886997633e-06 1.988716329079858136e-05 2.610811956956421553e-05 1.904780691035868611e-05 7.205540751752853893e-06 1.226584580706937092e-06 5.457709393006516911e-04 1.442695863455615299e-03 2.039772562756982967e-03 9.321569443316976011e-01 1.259167938021190508e-02 3.345638355234481867e-04 7.893361556127068222e-04 1.036250491333355356e-03 7.560214827839296459e-04 2.859932184863607420e-04 4.868404524626194759e-05 1.375058739178056945e-05 3.634842774081555066e-05 5.139165328129557877e-05 2.348550390446345684e-02 3.172447912832255211e-04 8.429267531887038291e-06 1.988716329079867623e-05 2.610811956956434089e-05 1.904780691035877759e-05 7.205540751752888622e-06 1.226584580706943022e-06
6.698374288288917866e-06 2.341335505811651825e-05 4.095540379696069533e-05 4.054448703034885400e-05 2.356361176393092019e-02 2.066780163880419538e-04 2.346537067631913721e-05 3.441312622616426352e-05 2.956968335453650173e-05 1.376457356800483925e-05 3.029692477825830130e-06 2.658634080819005457e-04 9.292933034908922290e-04 1.625550135630272766e-03 1.609240546570667261e-03 9.352571027913910706e-01 8.203202664951121659e-03 9.313578416808547403e-04 1.365882321212868707e-03 1.173642507001190511e-03 5.463260609342004753e-04 1.202507254638098162e-04 6.698374288288949206e-06 2.341335505811663006e-05 4.095540379696089184e-05 4.054448703034905051e-05 2.356361176393103121e-02 2.066780163880429296e-04 2.346537067631924902e-05 3.441312622616442615e-05 2.956968335453664403e-05 1.376457356800490532e-05 3.029692477825844529e-06
4.555272301350290934e-06 1.817763943136189634e-05 3.524961394372801707e-05 3.784518562054261240e-05 2.443452137058804650e-05 2.374561938146038664e-02 2.443452137058802956e-05 3.784518562054264628e-05 3.524961394372803063e-05 1.817763943136187262e-05 4.555272301350292628e-06 1.808021120729934718e-04 7.214838947646105794e-04 1.399083134699652658e-03 1.502103285891451647e-03 9.698241464040401397e-04 9.424811191587433301e-01 9.698241464040395976e-04 1.502103285891452948e-03 1.399083134699653308e-03 7.214838947646096037e-04 1.808021120729935260e-04 4.555272301350312957e-06 1.817763943136198443e-05 3.524961394372818648e-05 3.784518562054279536e-05 2.443452137058816170e-05 2.374561938146050113e-02 2.443452137058814476e-05 3.784518562054282924e-05 3.524961394372820003e-05 1.817763943136196071e-05 4.555272301350313804e-06
3.029692477825832671e-06 1.376457356800484264e-05 2.956968335453651867e-05 3.441312622616425675e-05 2.346537067631909994e-05 2.066780163880420351e-04 2.356361176393092019e-02 4.054448703034886756e-05 4.095540379696069533e-05 2.341335505811654536e-05 6.698374288288906007e-06 1.202507254638099246e-04 5.463260609342005837e-04 1.173642507001191162e-03 1.365882321212868490e-03 9.313578416808533308e-04 8.203202664951125128e-03 9.352571027913910706e-01 1.609240546570667911e-03 1.625550135630272766e-03 9.292933034908934216e-04 2.658634080819001120e-04 3.029692477825847070e-06 1.376457356800490870e-05 2.956968335453666097e-05 3.441312622616441938e-05 2.346537067631921175e-05 2.066780163880430109e-04 2.356361176393103121e-02 4.054448703034906407e-05 4.095540379696089184e-05 2.341335505811665716e-05 6.698374288288938194e-06
1.226584580706953610e-06 7.205540751752835258e-06 1.904780691035873355e-05 2.610811956956418843e-05 1.988716329079856103e-05 8.429267531887026433e-06 3.172447912832242201e-04 2.348550390446334582e-02 5.139165328129533482e-05 3.634842774081536770e-05 1.375058739178046781e-05 4.868404524626260488e-05 2.859932184863600373e-04 7.560214827839314890e-04 1.036250491333354272e-03 7.893361556127060632e-04 3.345638355234492709e-04 1.259167938021191376e-02 9.321569443316976011e-01 2.039772562756982967e-03 1.442695863455615082e-03 5.457709393006502816e-04 1.226584580706959539e-06 7.205540751752869987e-06 1.904780691035882502e-05 2.610811956956431379e-05 1.988716329079865590e-05 8.429267531887065396e-06 3.172447912832257379e-04 2.348550390446345684e-02 5.139165328129557877e-05 3.634842774081554389e-05 1.375058739178053388e-05
2.734354806424260050e-07 2.287499555985313077e-06 8.162843324692514699e-06 1.419321266263499889e-05 1.270093457278158554e-05 4.983907042628078922e-06 2.014608071934734720e-05 4.323652151817896348e-04 2.340004109501485352e-02 5.739931495698528052e-05 3.359030828318537205e-05 1.085285558037666126e-05 9.079254185651712843e-05 3.239892625492142532e-04 5.633390622433024665e-04 5.041094459664066879e-04 1.978149405943340964e-04 7.996127790146160532e-04 1.716089377765400714e-02 9.287648624911897244e-01 2.278221078614694594e-03 1.333224071145569511e-03 2.734354806424273285e-07 2.287499555985324089e-06 8.162843324692553663e-06 1.419321266263506665e-05 1.270093457278164483e-05 4.983907042628102639e-06 2.014608071934744207e-05 4.323652151817916948e-04 2.340004109501496454e-02 5.739931495698555157e-05 3.359030828318553468e-05
3.236442141124678087e-08 3.898843017767349093e-07 1.993064619415167383e-06 4.639394543528252313e-06 5.063750851897911067e-06 2.192445958888343191e-06 8.696970998646689276e-06 2.774988818029433459e-05 5.531810634208266702e-04 2.330334189396557343e-02 7.886312553326583694e-05 1.284567718474105041e-06 1.547479504231669129e-05 7.910620240669318339e-05 1.841409858113609373e-04 2.009840001800058029e-04 8.701979459173270410e-05 3.451891832518523095e-04 1.101413496466365936e-03 2.195616376119223501e-02 9.249267999937407225e-01 3.130135526006971956e-03 3.236442141124693307e-08 3.898843017767368151e-07 1.993064619415177124e-06 4.639394543528274335e-06 5.063750851897935631e-06 2.192445958888353779e-06 8.696970998646729934e-06 2.774988818029446673e-05 5.531810634208292722e-04 2.330334189396568792e-02 7.886312553326621641e-05
1.940702422686799422e-09 2.701335235918297608e-08 1.968518430417723374e-07 6.387713734406437438e-07 8.823065783250719140e-07 4.308984150185712981e-07 1.959603025248553043e-06 7.087725455208624675e-06 2.914510433767517400e-05 6.397443942555724496e-04 2.330602923745721602e-02 7.702790825982863082e-08 1.072179847352815411e-06 7.813194608994890097e-06 2.535330619326552526e-05 3.501939781070446034e-05 1.710267539904681294e-05 7.777808709361740613e-05 2.813170426091495023e-04 1.156790653168512104e-03 2.539192610592759525e-02 9.250334626358422963e-01 1.940702422686808934e-09 2.701335235918310512e-08 1.968518430417732638e-07 6.387713734406468143e-07 8.823065783250761492e-07 4.308984150185733628e-07 1.959603025248562360e-06 7.087725455208658556e-06 2.914510433767531292e-05 6.397443942555754853e-04 2.330602923745732705e-02
1.585437720719930568e-02 4.351984990397961706e-04 1.982652099183128687e-05 4.821562341788465918e-06 1.333057863358660780e-06 2.931269818673709880e-07 6.002061167363936545e-07 4.345365828088850328e-07 1.339122740179434430e-07 1.837635547306833042e-08 1.320200362870742105e-09 7.449128250185440558e-01 2.044766181142427391e-02 9.315427259803083599e-04 2.265395592703411596e-04 6.263329589867258379e-05 1.377247717134108507e-05 2.820049177387384847e-05 2.041656188974020307e-05 6.291825218972767627e-06 8.634071644752076215e-07 6.202919036453758948e-08 2.108783188850139323e-01 5.788554583974449101e-03 2.637116148717137893e-04 6.413137190743395323e-05 1.773093938208260674e-05 3.898868075874971035e-06 7.983313076744435099e-06 5.779750467597436177e-06 1.781160802087521896e-06 2.444230321222834480e-07 1.755992237822802873e-08
5.364816662692558740e-05 1.585254908980669036e-02 3.763121188082029791e-04 1.887739821251467560e-05 5.916282751032111239e-06 1.491453772946860494e-06 3.444714467286330479e-06 3.156037880013597971e-06 1.355820760052351220e-06 2.652263379812079427e-07 2.201652370375229963e-08 2.520641891942740267e-03 7.448269315095400467e-01 1.768090413433850983e-02 8.869484967910884433e-04 2.779746463758027137e-04 7.007547687750971229e-05 1.618488037513899063e-04 1.482854269418362216e-04 6.370280329464916315e-05 1.246157437235630530e-05 1.034439300573889431e-06 7.135717185038309516e-04 2.108540031823255556e-01 5.005309634887248130e-03 2.510873778233563584e-04 7.869219612231300863e-05 1.983775585905242129e-05 4.581798366512750668e-05 4.197831007656838853e-05 1.803370759082302340e-05 3.527762935532290153e-06 2.928407370193699962e-07
2.285045696123207438e-05 3.904699429880957898e-05 1.591833059181416501e-02 2.941248010513474245e-04 1.370476110352921654e-05 3.390399171577781326e-06 8.640056422704795974e-06 9.655207459096285159e-06 5.552932068966356687e-06 1.556115821034186589e-06 1.860097748856008555e-07 1.073621387046771449e-03 1.834610495983488195e-03 7.479176542704505382e-01 1.381935938547536671e-02 6.439138022525713132e-04 1.592968170136452831e-04 4.059502782130152082e-04 4.536468238707976877e-04 2.609027311871625512e-04 7.311360245524244799e-05 8.739609577863282903e-06 3.039328437039379616e-04 5.193622182463680185e-04 2.117289598189551203e-01 3.912140021490886910e-03 1.822863770972116206e-04 4.509553849436670654e-05 1.149209804762500259e-04 1.284234562386791199e-04 7.385928594246967923e-05 2.069782269221224867e-05 2.474107188912065153e-06
9.354103056708959813e-06 2.472672107376060386e-05 3.496016623517092352e-05 1.597646832108490927e-02 2.158119058711097029e-04 5.734172289466976721e-06 1.352862751440914658e-05 1.776055335763812237e-05 1.295763910058806045e-05 4.901708476214035750e-06 8.344078873722333172e-07 4.394995301564780590e-04 1.161777054234372107e-03 1.642592190977616327e-03 7.506492368224014777e-01 1.013985313797659271e-02 2.694182447829154554e-04 6.356382220933892539e-04 8.344738997078464914e-04 6.088105147143077359e-04 2.303051996754500684e-04 3.920438680605890271e-05 1.244184808710258874e-04 3.288889436291140287e-04 4.650035121067870093e-04 2.125022469971382943e-01 2.870503918930656338e-03 7.626995351483985058e-05 1.799436325865058910e-04 2.362322774069995092e-04 1.723489427897515521e-04 6.519739183820246170e-05 1.109841971424470068e-05
4.556698679106453306e-06 1.592738767275171414e-05 2.786070565064738884e-05 2.758117157162219375e-05 1.602960270336121693e-02 1.405967185085898043e-04 1.596277230319423300e-05 2.341019478306028095e-05 2.011534908086355653e-05 9.363617423626109610e-06 2.061006912668994588e-06 2.140950250805260646e-04 7.483431983116600088e-04 1.309026313806245121e-03 1.295892494812645162e-03 7.531457387215164667e-01 6.605891698162247652e-03 7.500057338171988320e-04 1.099920488971660795e-03 9.451132210514132060e-04 4.399465596326847358e-04 9.683574836366693806e-05 6.060843289884598804e-05 2.118494276227139695e-04 3.705739237673021992e-04 3.668558542470983213e-04 2.132089848943755084e-01 1.870070281056371905e-03 2.123200769131003461e-04 3.113778899104766322e-04 2.675533035779872025e-04 1.245450310138995320e-04 2.741335514312559762e-05
3.098812097559780811e-06 1.236569084098148318e-05 2.397923173347010892e-05 2.574491957386823709e-05 1.662205580966402699e-05 1.615341690583626047e-02 1.662205580966401682e-05 2.574491957386825742e-05 2.397923173347011908e-05 1.236569084098146793e-05 3.098812097559781658e-06 1.455966919184123562e-04 5.809980157075277226e-04 1.126656507468637176e-03 1.209616783996850893e-03 7.809819577883011805e-04 7.589631092897670683e-01 7.809819577883007468e-04 1.209616783996851977e-03 1.126656507468637826e-03 5.809980157075269637e-04 1.455966919184124104e-04 4.121715265972197633e-05 1.644754670788254052e-04 3.189466233850018410e-04 3.424319535618182940e-04 2.210891755472514284e-04 2.148558317260612083e-01 2.210891755472512929e-04 3.424319535618185651e-04 3.189466233850020037e-04 1.644754670788251883e-04 4.121715265972198988e-05
2.061006912668996706e-06 9.363617423626111305e-06 2.011534908086356669e-05 2.341019478306027756e-05 1.596277230319420590e-05 1.405967185085898585e-04 1.602960270336121693e-02 2.758117157162220731e-05 2.786070565064738884e-05 1.592738767275173108e-05 4.556698679106444836e-06 9.683574836366701938e-05 4.399465596326847900e-04 9.451132210514137481e-04 1.099920488971660578e-03 7.500057338171976394e-04 6.605891698162250254e-03 7.531457387215164667e-01 1.295892494812645596e-03 1.309026313806245121e-03 7.483431983116608762e-04 2.140950250805256851e-04 2.741335514312562134e-05 1.245450310138995591e-04 2.675533035779873651e-04 3.113778899104765780e-04 2.123200769130999938e-04 1.870070281056372772e-03 2.132089848943755084e-01 3.668558542470984297e-04 3.705739237673021992e-04 2.118494276227142405e-04 6.060843289884587962e-05
8.344078873722446462e-07 4.901708476214023892e-06 1.295763910058809095e-05 1.776055335763810543e-05 1.352862751440913472e-05 5.734172289466996203e-06 2.158119058711098384e-04 1.597646832108490927e-02 3.496016623517092352e-05 2.472672107376060047e-05 9.354103056708936096e-06 3.920438680605943125e-05 2.303051996754494721e-04 6.088105147143092538e-04 8.344738997078456240e-04 6.356382220933887118e-04 2.694182447829163770e-04 1.013985313797659965e-02 7.506492368224014777e-01 1.642592190977616327e-03 1.161777054234371890e-03 4.394995301564769206e-04 1.109841971424485145e-05 6.519739183820229907e-05 1.723489427897519587e-04 2.362322774069992924e-04 1.799436325865057284e-04 7.626995351484010808e-05 2.870503918930658073e-03 2.125022469971382943e-01 4.650035121067870093e-04 3.288889436291139745e-04 1.244184808710255621e-04
1.860097748856101464e-07 1.556115821034168590e-06 5.552932068966369392e-06 9.655207459096278383e-06 8.640056422704795974e-06 3.390399171577790219e-06 1.370476110352919791e-05 2.941248010513473161e-04 1.591833059181416501e-02 3.904699429880958576e-05 2.285045696123205744e-05 8.739609577863718278e-06 7.311360245524160773e-05 2.609027311871631475e-04 4.536468238707973624e-04 4.059502782130152082e-04 1.592968170136457168e-04 6.439138022525704459e-04 1.381935938547536151e-02 7.479176542704505382e-01 1.834610495983488411e-03 1.073621387046770799e-03 2.474107188912188820e-06 2.069782269221201150e-05 7.385928594246986896e-05 1.284234562386790115e-04 1.149209804762500259e-04 4.509553849436682851e-05 1.822863770972113766e-04 3.912140021490886042e-03 2.117289598189551203e-01 5.193622182463680185e-04 3.039328437039377990e-04
2.201652370374556638e-08 2.652263379812139249e-07 1.355820760052335126e-06 3.156037880013586536e-06 3.444714467286297445e-06 1.491453772946867482e-06 5.916282751032078205e-06 1.887739821251460106e-05 3.763121188082018949e-04 1.585254908980669036e-02 5.364816662692572293e-05 1.034439300573573064e-06 1.246157437235658482e-05 6.370280329464840421e-05 1.482854269418356795e-04 1.618488037513883342e-04 7.007547687751003755e-05 2.779746463758011417e-04 8.869484967910849739e-04 1.768090413433845778e-02 7.448269315095400467e-01 2.520641891942746338e-03 2.928407370192804224e-07 3.527762935532369774e-06 1.803370759082280995e-05 4.197831007656823945e-05 4.581798366512706622e-05 1.983775585905251615e-05 7.869219612231257495e-05 2.510873778233553826e-04 5.005309634887234252e-03 2.108540031823255556e-01 7.135717185038326863e-04
1.320200362863658957e-09 1.837635547307848489e-08 1.339122740179467782e-07 4.345365828088899032e-07 6.002061167363927015e-07 2.931269818673797230e-07 1.333057863358672214e-06 4.821562341788520128e-06 1.982652099183144272e-05 4.351984990397999111e-04 1.585437720719930221e-02 6.202919036420478494e-08 8.634071644756847128e-07 6.291825218972924328e-06 2.041656188974043008e-05 2.820049177387380103e-05 1.377247717134149504e-05 6.263329589867311234e-05 2.265395592703436803e-04 9.315427259803156241e-04 2.044766181142445086e-02 7.449128250185439448e-01 1.755992237813381617e-08 2.444230321224184968e-07 1.781160802087566366e-06 5.779750467597500551e-06 7.983313076744421547e-06 3.898868075875087079e-06 1.773093938208275582e-05 6.413137190743467152e-05 2.637116148717158493e-04 5.788554583974498541e-03 2.108783188850138768e-01
