-5.453437484025571713e+00
-4.260781261894959648e+00
-3.340687801974513871e+00
-2.618995311429534567e+00
-2.132078412151296565e+00
-1.894406413778386034e+00
-1.656734415405475280e+00
-1.169817516127237944e+00
-4.481250255822581963e-01
4.719684343381922442e-01
1.664624656468790986e+00
-3.559031070247185902e+00
-2.366374848116574281e+00
-1.446281388196128059e+00
-7.245888976511487556e-01
-2.376719983729109476e-01
-3.024522032599115953e-16
2.376719983729104757e-01
7.245888976511476454e-01
1.446281388196127615e+00
2.366374848116577834e+00
3.559031070247176576e+00
-1.664624656468800090e+00
-4.719684343381884695e-01
4.481250255822575301e-01
1.169817516127237056e+00
1.656734415405474614e+00
1.894406413778385367e+00
2.132078412151296121e+00
2.618995311429533235e+00
3.340687801974513427e+00
4.260781261894964089e+00
5.453437484025561943e+00
